image: cp-20200914a.pgm
resolution: 0.050000
origin: [-97.800000, -106.800000, 0.000000]
negate: 0
occupied_thresh: 0.65
free_thresh: 0.196

