image: d2-20200911b.pgm
resolution: 0.010000
origin: [-18.880000, -15.880000, 0.000000]
negate: 0
occupied_thresh: 0.65
free_thresh: 0.196

