image: k2-20200914a.pgm
resolution: 0.050000
origin: [-96.200000, -101.200000, 0.000000]
negate: 0
occupied_thresh: 0.65
free_thresh: 0.196

