image: k2-20200914b.pgm
resolution: 0.050000
origin: [-109.000000, -101.200000, 0.000000]
negate: 0
occupied_thresh: 0.65
free_thresh: 0.196

